   150594.1      -104610.9    
   150594.1      -95048.47    
   150594.1      -82954.65    
   150594.1      -98698.55    
   150594.1      -86932.62    
   150594.1      -99155.82    
   150594.1      -99314.13    
   150594.1      -99059.38    
   150594.1      -98946.07    
   150594.1      -98789.37    
   150594.1      -98950.89    
   150594.1      -98886.60    
   150594.1      -98827.13    
   150594.1      -98565.15    
   150594.1      -98866.52    
   150594.1      -98731.50    
   150594.1      -99040.09    
   150594.1      -99122.07    
   150594.1      -99190.38    
   150594.1      -99266.72    
   150594.1      -95082.22    
   150594.1      -95981.48    
   150594.1      -92357.91    
   150594.1      -81462.31    
   150594.1      -81222.83    
   150594.1      -91829.13    
   150594.1      -95700.21    
   150594.1      -95050.88    
   150594.1      -99638.00    
   150594.1      -99176.71    
   150594.1      -99113.23    
   150594.1      -99043.31    
   150594.1      -98704.98    
   150594.1      -98866.52    
   150594.1      -98569.98    
   150594.1      -98853.66    
   150594.1      -98884.99    
   150594.1      -98959.73    
   150594.1      -98787.76    
   150594.1      -98945.27    
   150594.1      -99047.33    
   150594.1      -99311.73    
   150594.1      -99143.77    
   150594.1      -87017.00    
   150594.1      -98818.30    
   150594.1      -82761.78    
   150594.1      -94919.09    
   150594.1      -81907.52    
